133.00 134.00 132.00 129.00 129.00 132.00 134.00 132.00 128.00 143.00 138.00 126.00 136.00 153.00 154.00 148.00 148.00 135.00 130.00 137.00 140.00 133.00 127.00 127.00 147.00 140.00 143.00 151.00 137.00 126.00 136.00 138.00 131.00 144.00 136.00 131.00 146.00 147.00 136.00 140.00 138.00 139.00 140.00 140.00 140.00
133.00 136.00 136.00 135.00 136.00 137.00 135.00 131.00 141.00 135.00 134.00 144.00 149.00 142.00 140.00 147.00 125.00 116.00 122.00 144.00 158.00 154.00 149.00 152.00 156.00 156.00 148.00 149.00 149.00 146.00 151.00 149.00 153.00 124.00 136.00 156.00 139.00 133.00 146.00 145.00 140.00 141.00 143.00 144.00 144.00
136.00 137.00 136.00 135.00 136.00 137.00 135.00 131.00 141.00 134.00 129.00 130.00 140.00 148.00 137.00 115.00 164.00 199.00 216.00 196.00 181.00 187.00 189.00 180.00 174.00 177.00 170.00 171.00 175.00 171.00 156.00 132.00 131.00 157.00 145.00 129.00 144.00 145.00 135.00 146.00 146.00 147.00 148.00 149.00 149.00
139.00 135.00 130.00 127.00 128.00 132.00 133.00 133.00 141.00 131.00 141.00 152.00 138.00 135.00 174.00 220.00 240.00 219.00 194.00 180.00 179.00 182.00 181.00 178.00 192.00 177.00 167.00 180.00 199.00 214.00 206.00 169.00 140.00 128.00 141.00 152.00 138.00 133.00 146.00 151.00 148.00 147.00 146.00 145.00 145.00
138.00 133.00 127.00 125.00 125.00 128.00 132.00 135.00 138.00 137.00 137.00 144.00 177.00 232.00 255.00 250.00 204.00 172.00 158.00 175.00 188.00 179.00 175.00 183.00 176.00 185.00 194.00 197.00 186.00 195.00 226.00 237.00 198.00 145.00 124.00 142.00 149.00 145.00 146.00 147.00 146.00 143.00 139.00 136.00 136.00
134.00 132.00 130.00 131.00 131.00 130.00 132.00 135.00 129.00 127.00 153.00 206.00 252.00 255.00 219.00 178.00 158.00 167.00 177.00 178.00 173.00 172.00 179.00 188.00 190.00 191.00 183.00 180.00 172.00 165.00 177.00 185.00 249.00 241.00 176.00 126.00 142.00 147.00 132.00 139.00 147.00 144.00 141.00 138.00 138.00
130.00 130.00 132.00 135.00 134.00 131.00 132.00 135.00 127.00 180.00 240.00 255.00 215.00 158.00 143.00 163.00 186.00 174.00 167.00 174.00 182.00 181.00 178.00 176.00 185.00 188.00 184.00 186.00 183.00 181.00 194.00 202.00 255.00 255.00 252.00 214.00 149.00 122.00 133.00 141.00 144.00 144.00 145.00 146.00 146.00
127.00 128.00 131.00 134.00 131.00 128.00 131.00 137.00 210.00 245.00 233.00 171.00 131.00 138.00 156.00 166.00 163.00 165.00 164.00 164.00 169.00 179.00 186.00 187.00 182.00 183.00 186.00 189.00 179.00 177.00 190.00 185.00 218.00 241.00 249.00 255.00 243.00 170.00 118.00 134.00 135.00 138.00 143.00 146.00 146.00
130.00 119.00 123.00 143.00 137.00 116.00 146.00 211.00 246.00 181.00 131.00 128.00 132.00 146.00 168.00 166.00 163.00 169.00 162.00 154.00 181.00 192.00 196.00 192.00 196.00 188.00 181.00 182.00 181.00 174.00 174.00 181.00 181.00 217.00 254.00 253.00 254.00 244.00 185.00 137.00 151.00 149.00 151.00 155.00 154.00
133.00 135.00 137.00 138.00 133.00 123.00 132.00 156.00 141.00 139.00 138.00 172.00 209.00 204.00 179.00 160.00 163.00 168.00 168.00 176.00 222.00 243.00 254.00 255.00 251.00 252.00 255.00 255.00 253.00 233.00 198.00 165.00 165.00 171.00 221.00 251.00 253.00 252.00 223.00 191.00 153.00 145.00 145.00 154.00 153.00
132.00 138.00 139.00 134.00 129.00 127.00 128.00 132.00 156.00 197.00 184.00 179.00 219.00 224.00 191.00 171.00 156.00 159.00 168.00 188.00 239.00 253.00 253.00 255.00 254.00 253.00 255.00 255.00 254.00 247.00 206.00 152.00 167.00 156.00 171.00 200.00 243.00 255.00 222.00 193.00 167.00 147.00 137.00 142.00 142.00
134.00 131.00 133.00 133.00 124.00 121.00 134.00 148.00 186.00 197.00 152.00 145.00 215.00 244.00 207.00 172.00 159.00 161.00 181.00 209.00 254.00 255.00 250.00 253.00 253.00 250.00 252.00 250.00 251.00 255.00 227.00 176.00 153.00 162.00 172.00 149.00 163.00 221.00 222.00 180.00 184.00 162.00 143.00 138.00 140.00
137.00 130.00 132.00 130.00 118.00 117.00 134.00 147.00 151.00 143.00 127.00 164.00 228.00 235.00 187.00 139.00 156.00 156.00 188.00 220.00 254.00 254.00 251.00 255.00 254.00 251.00 254.00 253.00 251.00 255.00 246.00 215.00 152.00 154.00 156.00 149.00 160.00 165.00 162.00 189.00 180.00 168.00 150.00 138.00 139.00
130.00 132.00 135.00 124.00 112.00 124.00 134.00 123.00 131.00 132.00 133.00 149.00 180.00 214.00 216.00 180.00 157.00 157.00 206.00 239.00 255.00 255.00 252.00 255.00 255.00 253.00 255.00 254.00 250.00 255.00 255.00 252.00 175.00 140.00 146.00 147.00 138.00 153.00 157.00 150.00 172.00 170.00 155.00 136.00 136.00
125.00 127.00 132.00 120.00 109.00 128.00 138.00 118.00 128.00 143.00 148.00 145.00 164.00 215.00 224.00 170.00 147.00 146.00 209.00 247.00 255.00 254.00 253.00 250.00 252.00 253.00 255.00 254.00 251.00 251.00 251.00 249.00 180.00 147.00 142.00 146.00 147.00 142.00 136.00 153.00 164.00 169.00 160.00 141.00 140.00
131.00 124.00 126.00 120.00 107.00 122.00 139.00 130.00 135.00 142.00 139.00 131.00 142.00 196.00 238.00 222.00 152.00 145.00 210.00 248.00 254.00 255.00 255.00 255.00 249.00 251.00 250.00 249.00 252.00 254.00 253.00 252.00 215.00 165.00 142.00 138.00 142.00 143.00 138.00 153.00 140.00 152.00 153.00 141.00 140.00
129.00 133.00 124.00 107.00 86.00 131.00 110.00 145.00 138.00 132.00 138.00 135.00 133.00 159.00 226.00 183.00 113.00 133.00 187.00 232.00 254.00 255.00 249.00 255.00 253.00 253.00 250.00 247.00 250.00 255.00 255.00 254.00 187.00 157.00 142.00 149.00 148.00 144.00 142.00 134.00 139.00 135.00 147.00 161.00 140.00
130.00 131.00 109.00 99.00 127.00 170.00 136.00 109.00 130.00 139.00 130.00 123.00 144.00 166.00 215.00 196.00 201.00 147.00 123.00 165.00 215.00 242.00 255.00 253.00 253.00 254.00 252.00 253.00 255.00 255.00 229.00 199.00 142.00 135.00 135.00 142.00 142.00 142.00 140.00 132.00 143.00 126.00 159.00 172.00 142.00
132.00 132.00 94.00 104.00 183.00 221.00 199.00 150.00 103.00 117.00 136.00 135.00 119.00 129.00 195.00 211.00 211.00 185.00 134.00 132.00 155.00 180.00 230.00 253.00 251.00 250.00 252.00 255.00 249.00 222.00 180.00 149.00 153.00 154.00 150.00 139.00 135.00 139.00 139.00 135.00 116.00 147.00 209.00 188.00 143.00
122.00 132.00 98.00 141.00 214.00 230.00 237.00 232.00 180.00 137.00 117.00 128.00 125.00 136.00 185.00 200.00 212.00 196.00 133.00 113.00 125.00 133.00 176.00 214.00 244.00 253.00 255.00 243.00 211.00 175.00 147.00 133.00 145.00 149.00 146.00 135.00 135.00 137.00 131.00 133.00 129.00 194.00 249.00 212.00 155.00
125.00 117.00 101.00 181.00 224.00 225.00 229.00 242.00 236.00 211.00 144.00 123.00 125.00 108.00 129.00 188.00 183.00 141.00 109.00 130.00 136.00 112.00 117.00 137.00 182.00 209.00 218.00 192.00 161.00 146.00 140.00 133.00 142.00 142.00 138.00 126.00 125.00 117.00 110.00 132.00 204.00 230.00 239.00 237.00 175.00
133.00 100.00 117.00 206.00 225.00 235.00 226.00 227.00 238.00 230.00 142.00 112.00 122.00 109.00 119.00 181.00 199.00 132.00 108.00 125.00 127.00 131.00 134.00 117.00 119.00 137.00 148.00 140.00 130.00 129.00 130.00 127.00 141.00 136.00 128.00 115.00 117.00 111.00 120.00 174.00 242.00 241.00 225.00 241.00 182.00
122.00 93.00 157.00 211.00 214.00 232.00 228.00 234.00 229.00 221.00 130.00 108.00 117.00 124.00 156.00 213.00 213.00 207.00 192.00 155.00 118.00 117.00 126.00 112.00 117.00 114.00 117.00 123.00 122.00 116.00 114.00 118.00 128.00 125.00 121.00 113.00 119.00 109.00 117.00 182.00 237.00 236.00 232.00 232.00 182.00
114.00 89.00 176.00 197.00 209.00 224.00 214.00 223.00 227.00 228.00 127.00 102.00 107.00 102.00 129.00 197.00 209.00 220.00 175.00 125.00 119.00 118.00 116.00 121.00 119.00 114.00 112.00 115.00 114.00 109.00 112.00 120.00 125.00 121.00 116.00 111.00 120.00 106.00 103.00 163.00 249.00 227.00 237.00 231.00 186.00
121.00 106.00 161.00 195.00 189.00 218.00 216.00 223.00 226.00 217.00 125.00 96.00 100.00 96.00 118.00 145.00 168.00 164.00 156.00 124.00 109.00 105.00 117.00 114.00 121.00 109.00 100.00 104.00 109.00 106.00 108.00 118.00 110.00 110.00 116.00 116.00 110.00 105.00 104.00 165.00 240.00 240.00 222.00 229.00 192.00
123.00 98.00 144.00 189.00 181.00 198.00 208.00 216.00 217.00 208.00 113.00 87.00 98.00 92.00 98.00 105.00 93.00 128.00 151.00 113.00 86.00 104.00 126.00 103.00 105.00 106.00 110.00 111.00 107.00 104.00 103.00 103.00 107.00 113.00 117.00 112.00 106.00 103.00 101.00 163.00 239.00 231.00 218.00 223.00 184.00
123.00 90.00 115.00 174.00 175.00 179.00 200.00 205.00 208.00 203.00 108.00 84.00 98.00 92.00 91.00 90.00 100.00 149.00 178.00 179.00 174.00 129.00 98.00 106.00 95.00 108.00 102.00 95.00 103.00 103.00 97.00 103.00 105.00 111.00 111.00 103.00 102.00 101.00 99.00 163.00 229.00 216.00 212.00 212.00 171.00
125.00 89.00 85.00 146.00 169.00 168.00 191.00 187.00 205.00 199.00 108.00 83.00 91.00 91.00 111.00 128.00 129.00 168.00 188.00 203.00 211.00 153.00 92.00 90.00 101.00 101.00 97.00 93.00 93.00 94.00 95.00 98.00 96.00 99.00 95.00 89.00 92.00 92.00 93.00 163.00 230.00 212.00 208.00 189.00 149.00
129.00 98.00 64.00 110.00 158.00 167.00 187.00 177.00 201.00 188.00 108.00 82.00 78.00 77.00 108.00 142.00 125.00 78.00 122.00 195.00 165.00 106.00 96.00 104.00 101.00 90.00 103.00 113.00 98.00 94.00 99.00 91.00 93.00 95.00 94.00 92.00 90.00 88.00 96.00 172.00 213.00 206.00 207.00 176.00 141.00
127.00 106.00 60.00 82.00 141.00 162.00 180.00 168.00 147.00 135.00 90.00 82.00 76.00 73.00 88.00 113.00 146.00 121.00 162.00 178.00 103.00 88.00 107.00 84.00 80.00 94.00 86.00 86.00 103.00 97.00 82.00 91.00 89.00 91.00 98.00 97.00 88.00 85.00 91.00 160.00 202.00 202.00 195.00 153.00 125.00
118.00 106.00 67.00 63.00 105.00 121.00 131.00 117.00 74.00 68.00 60.00 72.00 73.00 79.00 79.00 89.00 129.00 153.00 153.00 115.00 69.00 80.00 91.00 83.00 108.00 146.00 109.00 65.00 84.00 83.00 67.00 89.00 81.00 79.00 86.00 86.00 80.00 81.00 71.00 111.00 188.00 196.00 187.00 146.00 126.00
109.00 102.00 72.00 50.00 65.00 65.00 63.00 46.00 56.00 47.00 49.00 58.00 56.00 71.00 69.00 72.00 89.00 100.00 78.00 78.00 90.00 87.00 87.00 131.00 195.00 226.00 196.00 113.00 67.00 73.00 86.00 90.00 88.00 78.00 80.00 83.00 85.00 92.00 64.00 74.00 69.00 110.00 143.00 137.00 123.00
112.00 102.00 85.00 68.00 57.00 50.00 45.00 41.00 46.00 46.00 46.00 48.00 52.00 57.00 62.00 66.00 67.00 75.00 76.00 75.00 83.00 103.00 147.00 195.00 192.00 170.00 195.00 209.00 149.00 87.00 73.00 73.00 82.00 80.00 78.00 80.00 80.00 77.00 69.00 62.00 65.00 81.00 108.00 131.00 132.00
106.00 103.00 93.00 76.00 56.00 42.00 39.00 41.00 41.00 42.00 43.00 45.00 47.00 50.00 52.00 53.00 68.00 69.00 81.00 114.00 155.00 178.00 180.00 176.00 160.00 184.00 175.00 173.00 195.00 167.00 104.00 78.00 78.00 75.00 71.00 70.00 69.00 65.00 59.00 54.00 64.00 77.00 104.00 128.00 128.00
95.00 97.00 97.00 85.00 61.00 40.00 38.00 46.00 42.00 41.00 40.00 40.00 41.00 42.00 44.00 45.00 47.00 83.00 135.00 168.00 172.00 168.00 167.00 164.00 174.00 163.00 174.00 170.00 161.00 189.00 183.00 117.00 65.00 62.00 59.00 58.00 58.00 58.00 58.00 56.00 60.00 99.00 128.00 132.00 132.00
93.00 94.00 96.00 90.00 70.00 47.00 40.00 46.00 47.00 44.00 41.00 39.00 38.00 40.00 43.00 45.00 38.00 73.00 133.00 166.00 156.00 144.00 149.00 152.00 163.00 169.00 168.00 157.00 157.00 171.00 170.00 151.00 55.00 54.00 52.00 51.00 53.00 56.00 60.00 62.00 70.00 116.00 142.00 134.00 132.00
102.00 96.00 93.00 91.00 78.00 57.00 42.00 38.00 46.00 45.00 42.00 40.00 40.00 41.00 43.00 44.00 44.00 49.00 92.00 140.00 152.00 149.00 149.00 145.00 153.00 147.00 154.00 159.00 157.00 164.00 148.00 105.00 55.00 54.00 53.00 50.00 48.00 51.00 56.00 61.00 100.00 117.00 131.00 133.00 131.00
103.00 93.00 86.00 87.00 83.00 69.00 52.00 42.00 41.00 41.00 41.00 41.00 41.00 40.00 40.00 40.00 40.00 40.00 79.00 129.00 143.00 137.00 137.00 138.00 143.00 142.00 148.00 146.00 148.00 161.00 132.00 66.00 51.00 51.00 50.00 47.00 45.00 49.00 59.00 67.00 103.00 115.00 123.00 124.00 123.00
94.00 88.00 83.00 82.00 81.00 74.00 62.00 53.00 43.00 41.00 39.00 37.00 37.00 38.00 39.00 40.00 38.00 32.00 59.00 105.00 129.00 129.00 127.00 124.00 129.00 131.00 144.00 144.00 135.00 134.00 105.00 50.00 44.00 46.00 47.00 45.00 46.00 56.00 72.00 85.00 89.00 105.00 114.00 110.00 111.00
90.00 88.00 85.00 80.00 76.00 71.00 64.00 58.00 50.00 45.00 38.00 33.00 32.00 35.00 41.00 45.00 41.00 32.00 47.00 83.00 110.00 119.00 120.00 119.00 120.00 121.00 122.00 132.00 134.00 103.00 62.00 46.00 45.00 47.00 47.00 46.00 48.00 61.00 81.00 97.00 100.00 100.00 105.00 115.00 117.00
85.00 80.00 73.00 68.00 64.00 59.00 53.00 49.00 46.00 44.00 42.00 40.00 38.00 37.00 37.00 37.00 38.00 33.00 42.00 71.00 98.00 112.00 117.00 121.00 119.00 121.00 124.00 124.00 111.00 79.00 52.00 45.00 41.00 40.00 42.00 48.00 58.00 71.00 83.00 89.00 92.00 98.00 106.00 112.00 112.00
80.00 74.00 64.00 55.00 49.00 43.00 37.00 32.00 35.00 37.00 41.00 43.00 43.00 39.00 35.00 32.00 35.00 31.00 34.00 47.00 62.00 72.00 81.00 88.00 87.00 94.00 97.00 92.00 78.00 55.00 42.00 45.00 41.00 43.00 48.00 58.00 70.00 80.00 86.00 88.00 91.00 95.00 100.00 103.00 103.00
79.00 71.00 60.00 50.00 43.00 38.00 33.00 30.00 19.00 24.00 32.00 38.00 41.00 41.00 38.00 35.00 38.00 36.00 34.00 31.00 29.00 32.00 39.00 45.00 39.00 44.00 42.00 39.00 38.00 34.00 33.00 39.00 43.00 53.00 64.00 71.00 74.00 79.00 87.00 94.00 95.00 96.00 98.00 100.00 100.00
70.00 63.00 52.00 44.00 39.00 36.00 33.00 30.00 16.00 18.00 22.00 26.00 30.00 32.00 34.00 35.00 25.00 31.00 32.00 28.00 25.00 27.00 31.00 32.00 37.00 40.00 34.00 28.00 33.00 39.00 44.00 49.00 55.00 64.00 73.00 75.00 74.00 76.00 86.00 95.00 94.00 96.00 98.00 100.00 100.00
69.00 62.00 53.00 44.00 39.00 35.00 30.00 27.00 24.00 22.00 20.00 18.00 18.00 19.00 22.00 23.00 19.00 24.00 27.00 24.00 24.00 28.00 27.00 23.00 23.00 32.00 31.00 25.00 29.00 38.00 48.00 58.00 66.00 66.00 67.00 72.00 78.00 83.00 86.00 87.00 88.00 91.00 96.00 100.00 100.00
77.00 71.00 62.00 53.00 45.00 37.00 28.00 22.00 25.00 24.00 21.00 18.00 17.00 16.00 16.00 17.00 21.00 21.00 19.00 15.00 15.00 18.00 15.00 10.00 17.00 24.00 25.00 26.00 38.00 51.00 60.00 67.00 63.00 64.00 68.00 75.00 82.00 86.00 87.00 86.00 88.00 93.00 100.00 106.00 106.00
80.00 75.00 69.00 63.00 54.00 44.00 32.00 23.00 25.00 24.00 23.00 22.00 21.00 21.00 20.00 20.00 17.00 15.00 12.00 11.00 13.00 16.00 17.00 16.00 23.00 23.00 19.00 24.00 41.00 53.00 56.00 59.00 61.00 67.00 75.00 81.00 82.00 84.00 88.00 91.00 92.00 97.00 105.00 110.00 110.00
87.00 85.00 82.00 79.00 73.00 62.00 50.00 41.00 31.00 30.00 28.00 26.00 24.00 23.00 22.00 22.00 21.00 19.00 18.00 17.00 17.00 17.00 19.00 20.00 17.00 19.00 18.00 24.00 38.00 49.00 57.00 65.00 69.00 72.00 75.00 80.00 83.00 87.00 89.00 90.00 92.00 96.00 103.00 107.00 107.00
